: [44, 320, 2232, 2659, 2745, 2827, 2914, 3443, 3537, 3786, 3875, 3898, 3904, 3909, 4021]
: [2075, 2094, 2733, 3873, 3910, 3969, 3972, 4004, 4019, 4069, 4089, 4227, 4259, 4264, 4474]
: [208, 210, 1907, 2621, 3143, 3147, 3624, 3694, 3922, 3975, 3979, 3988, 4157, 4261, 4272]
: [1981, 2624, 2644, 2646, 2984, 3064, 3133, 3313, 3556, 3884, 3911, 3913, 4002, 4270, 4533]
: [12, 108, 933, 2378, 3455, 3976, 4070, 4899, 4949, 4951, 4954, 4955, 4956, 4957, 4958]
: [18, 34, 35, 36, 39, 40, 46, 55, 61, 1853, 2617, 2653, 3376, 3385, 3744, 3780]
: [1993, 2162, 3482, 3487, 3570, 3686, 3687, 3689, 3690, 3691, 3695, 3697, 4552, 4553, 4554, 4571]
: [15, 49, 58, 409, 1808, 2703, 2710, 2846, 3053, 3066, 3150, 3151, 3152, 3156, 3158, 4382]
: [7, 33, 37, 123, 140, 145, 146, 147, 1101, 1105, 1867, 2619, 3316, 3323, 3377, 3378]
: [3859, 3889, 3899, 3964, 3967, 3968, 4041, 4076, 4077, 4078, 4093, 4098, 4100, 4105, 4131, 4539]
: [14, 20, 84, 88, 93, 94, 256, 259, 332, 1219, 1223, 2714, 3391, 3392, 3393, 3397]
: [583, 722, 729, 753, 2565, 2567, 2569, 2576, 2579, 2581, 2600, 2602, 2607, 2608, 2610, 2611]
: [21, 938, 945, 1407, 1421, 1425, 1467, 1864, 1898, 1901, 1920, 1922, 1927, 2311, 2313, 2315]
: [0, 151, 160, 966, 969, 1918, 1923, 2081, 3314, 3315, 3326, 3791, 4578, 4583, 4585, 4944]
: [924, 927, 1449, 1809, 1863, 1892, 1894, 1951, 2055, 2082, 2083, 2404, 2411, 4904, 4910, 4922]
: [24, 26, 28, 29, 30, 31, 2618, 2626, 2654, 3058, 3063, 3065, 5104, 5130]
: [1446, 1453, 1606, 1613, 1787, 1812, 1816, 1822, 1824, 1859, 2301, 2306, 2314, 2605]
: [100, 103, 109, 1893, 1902, 2383, 4902, 4903, 4906, 4914, 4916, 4918, 4930, 5081]
: [3946, 3987, 3989, 3991, 3997, 4023, 4024, 4034, 4039, 4050, 4064, 4075, 4239, 4250]
: [1275, 1279, 1871, 2019, 2023, 2024, 2025, 2026, 2028, 2030, 2046, 2062, 2064, 2151]
: [1244, 1251, 1869, 1877, 1879, 3346, 3453, 3565, 3572, 3615, 3616, 3641, 4544, 4546, 4547, 4934]
: [11, 86, 92, 688, 692, 837, 840, 1752, 1755, 1759, 1934, 1935, 1936, 2599, 3364, 3442]
: [2671, 2833, 2855, 2860, 3052, 3139, 5089, 5090, 5094, 5096, 5098, 5100, 5102, 5108, 5114, 5135]
: [1620, 1794, 1815, 1817, 1829, 1840, 1842, 1847, 1848, 1851, 1852, 1858, 1860, 3135, 5092, 5118]
: [8, 125, 138, 156, 157, 161, 163, 164, 955, 1112, 1115, 1119, 1133, 1865, 1868, 2395]
: [50, 53, 54, 56, 57, 72, 217, 2620, 2639, 2640, 2641, 2648, 2667]
: [2485, 3447, 3628, 3635, 4549, 4563, 4565, 4567, 4655, 4928, 4932, 4936, 4940]
: [2697, 2698, 2699, 2708, 2767, 2777, 2778, 2779, 2834, 3067, 3375, 3387, 3388]
: [931, 1084, 1087, 1866, 1912, 1914, 1915, 1916, 2385, 2391, 2397, 2399, 4938]
: [2643, 2645, 3134, 3175, 5091, 5101, 5110, 5124, 5126, 5128, 5171, 5176, 5269]
: [4, 67, 68, 69, 70, 74, 75, 76, 77, 78, 80, 82, 1385, 2679]
: [3862, 3867, 3874, 3877, 3886, 3893, 3896, 3903, 3907, 3908, 3977, 3978, 4253, 4292]
: [402, 405, 416, 419, 423, 1366, 3045, 3049, 3622, 3665, 3670, 3672, 3673, 3676]
: [1769, 1770, 1773, 1774, 1917, 1919, 1928, 1930, 2312, 2680, 2682, 3324, 3327, 3342]
: [3380, 3382, 3774, 3776, 3777, 3778, 3779, 3970, 3973, 4679, 4681, 4682, 4689, 4786]
: [41, 2628, 2630, 2634, 2636, 2638, 2655, 2657, 2661, 2664, 2666, 3211, 5112, 5116, 5122]
: [3823, 3825, 3826, 3866, 3902, 3912, 3929, 3931, 3933, 3936, 3938, 3941, 4000, 4040, 4541]
: [2, 548, 551, 555, 590, 597, 717, 1073, 1077, 1559, 2585, 2586, 2613, 2692, 2736]
: [3855, 3856, 3868, 3869, 3880, 3882, 3891, 3895, 3900, 3901, 3905, 3971, 4282, 4284, 4290]
: [16, 739, 743, 1539, 1540, 1543, 1544, 1705, 1948, 1949, 1950, 2568, 3413, 3414, 3415]
: [10, 168, 171, 186, 189, 190, 196, 198, 199, 201, 203, 204, 351, 358, 359, 683]
: [9, 13, 27, 38, 153, 159, 173, 174, 178, 180, 368, 372, 2711, 3041, 3130, 5087]
: [3434, 3480, 3483, 3492, 3508, 3517, 3527, 3528, 3529, 3530, 3532, 3534, 3539, 3542, 3543, 3544]
: [1699, 1703, 3916, 3918, 3919, 3920, 3921, 3926, 4307, 4310, 4378, 4381, 4383, 4384, 4391, 4467]
: [3407, 3429, 3454, 3461, 3489, 3493, 3559, 3560, 3561, 3574, 3627, 3633, 3634, 3642, 3693, 3699]
: [1, 5, 214, 221, 383, 430, 433, 434, 437, 1334, 1337, 2622, 3402, 3403, 3404, 3408]
: [6, 22, 23, 228, 235, 287, 361, 1567, 1568, 1634, 1637, 1668, 1675, 1724, 1727, 1814]
: [1986, 1987, 1989, 1991, 1994, 1995, 1996, 2103, 2108, 2157, 2158, 2163, 2179, 2224, 2225, 2231]
: [2755, 2759, 2762, 2763, 2789, 2798, 2800, 2802, 2814, 2816, 2821, 2822, 2823, 2852, 2996, 3029]
: [986, 994, 996, 998, 1000, 1001, 1002, 1006, 1258, 1261, 1265, 1314, 1317, 1321, 1870, 1910]
: [102, 110, 270, 274, 277, 278, 292, 562, 565, 2564, 2570, 2572, 2596, 2650, 3047, 3124]
: [2691, 2695, 2696, 2725, 2726, 2729, 2731, 2735, 2760, 2837, 2840, 2841, 2842, 2844, 2863, 2899]
: [1091, 1913, 2381, 4677, 4924, 4959, 4964, 4967, 4969, 4970, 4973, 4974, 4975, 4976, 4980, 5070]
: [1404, 1411, 1872, 1874, 1876, 1887, 1903, 1909, 1946, 1956, 1958, 1960, 2308, 2379, 2387, 4900]
: [970, 976, 1126, 1129, 1460, 1463, 1609, 1819, 1820, 1821, 1844, 1945, 2287, 2289, 2291, 2299]
: [3981, 3984, 4010, 4028, 4057, 4065, 4080, 4081, 4085, 4087, 4104, 4106, 4107, 4166, 4173, 4226]
: [1014, 1021, 1023, 1056, 1059, 1063, 1494, 1497, 1501, 2672, 2678, 2683, 2746, 2977, 4156, 4158]
: [1929, 1932, 1937, 2003, 2007, 2008, 2010, 2069, 3137, 3145, 3149, 3176, 3319, 5137, 5142, 5144]
: [472, 475, 479, 3373, 3436, 3439, 3446, 3552, 3737, 3828, 3829, 3830, 3834, 3840, 3841, 4587]
: [87, 90, 91, 104, 105, 111, 113, 242, 245, 249, 273, 284, 291, 750, 764, 2715]
: [3, 246, 250, 251, 252, 406, 891, 1335, 1341, 1343, 1362, 1369, 1371, 2293, 2561]
: [2400, 2406, 2409, 2489, 4289, 4333, 4334, 4336, 4337, 4338, 4339, 4340, 4341, 4344, 4942]
: [65, 223, 224, 225, 227, 854, 857, 861, 896, 910, 913, 917, 1183, 2674, 2983]
: [1488, 1492, 2663, 2665, 3016, 3021, 3022, 3023, 3131, 3141, 3142, 3144, 3222, 5088, 5106]
: [3335, 3368, 3435, 3437, 3438, 3441, 3548, 3551, 3555, 3558, 3598, 3766, 3793, 3813, 3819]
: [388, 391, 395, 517, 1323, 1508, 1511, 1515, 1621, 1626, 1641, 1643, 1644, 1797, 1801]
: [408, 420, 421, 422, 424, 426, 503, 507, 3035, 3037, 3039, 3043, 3051, 3113, 3254]
: [1522, 1529, 3860, 3872, 4275, 4277, 4278, 4286, 4294, 4301, 4306, 4308, 4309, 4396, 4398]
: [3844, 4638, 4691, 4751, 4753, 4755, 4756, 4757, 4758, 4760, 4761, 4762, 4772, 4773, 4857]
: [17, 117, 120, 126, 708, 709, 778, 785, 1037, 1348, 1351, 1355, 3432, 3433, 3488]
: [206, 363, 675, 1303, 1307, 1550, 1553, 1557, 1623, 1627, 1833, 1834, 1861, 1921, 3363, 3365]
: [1857, 2292, 2294, 2295, 2340, 2345, 2737, 2743, 2744, 2748, 2905, 2906, 2907, 2908, 2913, 2921]
: [2559, 3571, 3617, 3626, 3630, 3631, 3632, 3637, 3638, 3639, 3643, 3705, 4545, 4559, 5434, 5437]
: [1967, 1973, 1997, 2014, 2020, 2027, 2040, 2044, 2054, 2059, 2060, 2061, 2066, 2098, 2112, 2180]
: [1988, 1992, 2156, 2159, 2160, 2164, 2165, 2166, 2167, 2176, 2178, 2193, 2221, 2223, 2229, 2233]
: [401, 528, 532, 534, 535, 537, 540, 542, 544, 576, 579, 703, 1017, 1503, 2673]
: [1107, 1267, 1578, 1579, 1581, 1585, 1738, 1742, 1743, 1745, 1746, 1760, 1761, 1780, 1783]
: [19, 340, 356, 357, 1003, 1132, 1140, 1144, 1146, 1150, 1152, 1154, 1157, 1160, 1161]
: [3320, 3743, 3745, 3753, 3754, 3771, 3772, 3773, 3781, 3792, 4672, 4675, 4678, 4683, 4764]
: [3983, 4094, 4149, 4150, 4151, 4152, 4161, 4162, 4168, 4216, 4220, 4222, 4223, 4224, 4240]
: [701, 1027, 1169, 1173, 1182, 1648, 1652, 1654, 1657, 1661, 1663, 1968, 3425]
: [711, 795, 823, 827, 868, 871, 952, 959, 980, 984, 987, 988, 1789]
: [1028, 1031, 1034, 1042, 1046, 1047, 1052, 1194, 1202, 1206, 1209, 1210, 1211]
: [530, 1168, 1172, 1222, 1233, 1234, 1237, 1238, 1239, 1959, 1961, 1962, 1970]
: [444, 447, 451, 926, 928, 929, 930, 2384, 2389, 2416, 2421, 4905, 4920]
: [900, 903, 904, 932, 1065, 1713, 1715, 1716, 1720, 1722, 1728, 1731, 1732, 1733, 1734]
: [461, 465, 2740, 2862, 2912, 2916, 2929, 2930, 2932, 2956, 2976, 2981, 2985, 2989, 3163]
: [655, 1289, 1293, 3341, 3347, 3349, 3355, 3356, 3359, 3360, 3366, 3462, 3473, 3802, 3809]
: [585, 618, 621, 625, 674, 677, 681, 1379, 1452, 1464, 1469, 1474, 1483, 1811, 3353]
: [231, 397, 1196, 1357, 1358, 2623, 2668, 3250, 5415, 5421, 5423, 5425, 5427, 5429, 5433]
: [3742, 4649, 4698, 4703, 4705, 4765, 4766, 4767, 4770, 4774, 4945, 5334, 5342]
: [313, 624, 632, 635, 638, 639, 641, 644, 1121, 2701, 3330, 3331, 3332]
: [3949, 3953, 3960, 4012, 4015, 4022, 4025, 4035, 4055, 4061, 4103, 4153, 4172]
: [725, 757, 1682, 1685, 1689, 2563, 2574, 2582, 2606, 2612, 2614, 3309, 3312]
: [607, 611, 646, 653, 654, 1271, 1396, 1405, 1408, 1409, 1410, 1413, 1415]
: [1592, 1596, 1597, 1600, 1610, 1611, 1612, 1758, 1768, 1772, 1775, 1776, 1778, 1779]
: [568, 574, 580, 584, 586, 669, 905, 1545, 1813, 1818, 2562, 2571, 2590, 2592]
: [101, 106, 112, 129, 1076, 1088, 1092, 1094, 1382, 1390, 1393, 1395, 1397, 1400]
: [83, 116, 133, 257, 258, 261, 262, 266, 267, 268, 272, 275, 279, 413]
: [3357, 3457, 3458, 3614, 3618, 3620, 3625, 3677, 3679, 4828, 4833, 4836, 4837, 4838]
